mepMethod : p2p
slope : 0.143935 
s50 : 58.9505 
mepMax : 1137.04 
slopeCi : 0.0755636 0.212307 
s50Ci : 53.8574 64.0437 
mepMaxCi : 841.25 1432.83 
Rsq : 0.732066 
auc : 18843.1 
